Ax123wa,12,11,10	
Ax123wb,11,12,22
Ax123wc,13,14,23
Ax123wd,14,15,24
Ax123we,15,46,25
Ax123wf,16,18,26
Ax123wg,17,19,27
Ax123wh,18,90,28
Ax123wi,19,58,29
Ax123wj,10,10,30
Ax123wk,12,22,21
Ax123wa,22,10,
Ax123wb,11,12,22
Ax123wc,13,14,23
Ax123wd,14,15,24
Ax123we,17,25,
Ax123wf,36,18,26
Ax123wg,17,19,27
Ax123wh,18,36,28
Ax123wi,69,30,29
Ax123wj,10,43,30
Ax123wk,12,22,21
Ax123wa,12,11,10	
Ax123wb,11,12,22
Ax123wc,13,14,23
Ax123wd,14,25,24
Ax123we,55,17,25
Ax123wf,16,18,26
Ax123wg,17,19,27
Ax123wh,18,90,28
Ax123wi,19,40,29
Ax123wj,10,10,30
Ax123wk,62,22,21