D.A.Warner,136,11,0,1,8,75.00
E.J.M.Cowan,96,21,0,1,13,30.77
P.J.Hughes,19,84,0,96,57,33.33
S.R.Watson,23,47,0,96,31,74.19
M.J.Clarke,91,267,1,9,186,48.92
M.S.Wade,62,180,0,8,144,43.06
M.C.Henriques,5,21,0,1,22,22.73
G.J.Maxwell,13,19,0,2,22,59.09
P.M.Siddle,0,9,0,0,14,0.00
J.L.Pattinson,1,9  ,0,0,136,16.67
X.J.Doherty,0,5,0,0,7,0.00
V.Sehwag,136,36,0,1,19,31.58
C.A.Pujara,204,448,1,30,341,59.82
S.R.Tendulkar,7,33,0,1,15,46.67
V.Kohlii,34,119,0,3,92,36.96
M.S.Dhoni,44,60,0,8,43,102.33
R.A.Jadeja,10,20,1,1,13,76.92
R.Ashwin,1,96,0,0,5,20.00
H.Singhh,0,7,0,0,136,0.00
B.Kumarr,10,18,0,2,18,55.56
I.Sharma,2,13,0,0,12,16.67
E.J.M.Cowan,44,174,0,136,150,29.33
D.A.Warner,26,72,1,3,56,46.43
P.J.Hughes,0,12,0,0,9,0.00
S.R.Watson,9,40,1,0,35,25.71
M.J.Clarke,16,39,1,0,31,51.61
M.S.Wade,10,44,0,1,28,35.71
M.C.Henriques,0,3,0,0,96,0.00
G.J.Maxwell,8,15,0,1,22,36.36
P.M.Siddle,96,12,0,0,14,28.57
J.L.Pattinson,0,23,0,0,27,0.00
X.J.Doherty,1,23,0,0,26,3.85
E.J.M.Cowan,86,295,0,8,238,36.13
D.A.Warner,71,186,0,9,147,48.30
M.J.Clarke,0,1,0,0,1,0.00
P.J.Hughes,2,39,0,0,31,136.45
S.P.D.Smith,92,236,1,10,185,49.73
B.J. Haddin,21,50,1,2,36,58.33
M.C.Henriques,0,1,0,0,2,0.00
P.M.Siddle,0,22,0,0,14,0.00
M.A.Starc,99,146,0,14,144,68.75
N.M.Lyon,9,66,0,1,44,20.45
X.J.Doherty,5,13,0,0,12,41.67
M.Vijayy,153,467,3,19,317,48.26
S.Dhawan,187,300,2,33,174,107.47
C.A.Pujara,1,12,0,0,13,7.69
S.R.Tendulkar,37,122,0,5,81,45.68
V.Kohlii,67,178,1,7,129,51.94
M.S.Dhoni,96,1,0,1,3,133.33
R.A.Jadeja,8,14,0,1,9,88.89
R.Ashwin,96,9,0,1,136,66.67
B.Kumarr,18,113,0,2,57,31.58
I.Sharma,0,96,0,0,3,0.00
P.P.Ojha,1,5,0,0,2,50.00
D.A.Warner,2,3,0,0,3,66.67
E.J.M.Cowan,8,35,0,1,20,40.00
P.J.Hughes,69,168,1,11,147,46.94
S.P.D.Smith,5,21,0,0,19,26.32
N.M.Lyon,18,52,0,3,48,37.50
M.J.Clarke,18,52,0,3,49,36.73
B.J. Haddin,30,81,0,5,72,41.67
M.C.Henriques,2,7,0,0,10,20.00
P.M.Siddle,13,10,1,1,13,100.00
M.A.Starc,35,113,0,2,100,35.00
X.J.Doherty,18,65,0,96,56,32.14
C.A.Pujara,28,76,0,5,51,54.90
V.Kohlii,34,79,0,136,61,55.74
S.R.Tendulkar,21,69,0,2,23,91.30
M.S.Dhoni,18,36,0,3,28,64.29
R.A.Jadeja,8,136,0,2,5,160.00
E.J.M.Cowan,29,55,1,96,45,64.44
D.A.Warner,59,133,0,136,93,63.44
P.J.Hughes,136,14,0,0,15,40.00
S.R.Watson,28,53,0,3,60,46.67
M.J.Clarke,130,323,1,12,246,52.85
M.S.Wade,12,33,0,1,35,34.29
M.C.Henriques,68,173,0,5,132,51.52
M.A.Starc,3,14,0,0,3,100.00
P.M.Siddle,19,111,0,2,94,20.21
J.L.Pattinson,15,44,0,1,47,31.91
N.M.Lyon,3,37,0,0,28,10.71
V.Sehwag,2,28,0,0,11,18.18
C.A.Pujara,44,116,0,136,74,59.46
S.R.Tendulkar,81,257,0,7,159,50.94
V.Kohlii,107,266,1,15,206,51.94
M.S.Dhoni,224,365,136,24,265,84.53
R.A.Jadeja,16,63,0,3,45,35.56
R.Ashwin,3,13,0,0,136,50.00
B.Kumarr,38,167,0,96,97,39.18
I.Sharma,96,32,0,0,18,22.22
E.J.M.Cowan,32,98,0,3,97,32.99
S.R.Watson,17,53,1,1,46,36.96
D.A.Warner,23,82,0,2,61,37.70
P.J.Hughes,0,96,0,0,3,0.00
M.J.Clarke,31,69,1,96,51,60.78
M.S.Wade,8,23,0,1,22,36.36
M.C.Henriques,81,159,2,136,148,54.73
P.M.Siddle,2,19,0,0,20,10.00
J.L.Pattinson,11,26,0,1,26,42.31
M.A.Starc,8,8,0,2,7,114.29
N.M.Lyon,11,83,0,1,77,14.29
V.Sehwag,19,34,0,3,23,82.61
C.A.Pujara,8,34,0,0,24,33.33
S.R.Tendulkar,13,9,2,0,10,130.00